2,33 GHz Core 2 Duo

Benchmark: demo/queens (12.12.2010 16:00 Uhr)
  0.0035 ; 1 => [1]
  0.0011 ; 2 => V1
  0.0042 ; 3 => V2
  0.0029 ; 4 => [3, 1, 4, 2]
  0.0018 ; 5 => [4, 2, 5, 3, 1]
  0.0195 ; 6 => [5, 3, 1, 6, 4, 2]  
  0.0052 ; 7 => [6, 4, 2, 7, 5, 3, 1]
  0.1144 ; 8 => [4, 2, 7, 3, 6, 8, 5, 1]
  0.0712 ; 9 => [5, 7, 9, 4, 2, 8, 6, 3, 1]
  0.2631 ; 10 => [7, 4, 2, 9, 5, 10, 8, 6, 3, 1]
  0.0828 ; 11 => [10, 8, 6, 4, 2, 11, 9, 7, 5, 3, 1]
  0.2072 ; 12 => [4, 9, 7, 2, 11, 6, 12, 10, 8, 5, 3, 1]
  0.0360 ; 13 => [7, 11, 8, 6, 4, 13, 10, 12, 9, 2, 5, 3, 1]
  0.2640 ; 14 => [11, 8, 6, 2, 9, 14, 4, 13, 10, 12, 7, 5, 3, 1]
  0.1708 ; 15 => [8, 11, 7, 15, 6, 9, 13, 4, 14, 12, 10, 2, 5, 3, 1]
  1.3121 ; 16 => [10, 8, 11, 4, 7, 16, 6, 15, 12, 14, 9, 13, 2, 5, 3, 1]
  0.7735 ; 17 => [13, 10, 12, 9, 6, 4, 17, 14, 16, 7, 15, 11, 8, 2, 5, 3, 1]
  6.4237 ; 18 => [10, 14, 9, 11, 4, 7, 18, 6, 17, 13, 16, 12, 15, 8, 2, 5, 3, 1]
  0.4807 ; 19 => [14, 12, 10, 8, 6, 11, 18, 16, 7, 19, 17, 15, 13, 9, 4, 2, 5, 3, 1]
 37.7633 ; 20 => [11, 6, 14, 7, 10, 8, 19, 16, 9, 17, 20, 18, 12, 15, 13, 4, 2, 5, 3, 1]
  1.9703 ; 21 => [13, 16, 14, 6, 8, 10, 12, 7, 19, 17, 20, 18, 21, 15, 11, 9, 4, 2, 5, 3, 1]
414.3389 ; 22 => [15, 11, 7, 16, 6, 9, 12, 21, 8, 18, 22, 19, 13, 20, 17, 14, 10, 4, 2, 5, 3, 1]
  7.4746 ; 23 => [14, 17, 15, 12, 16, 7, 23, 6, 8, 10, 21, 19, 22, 20, 18, 13, 11, 9, 4, 2, 5, 3, 1]
127.6542 ; 24 => [15, 17, 7, 13, 16, 12, 8, 6, 21, 10, 24, 20, 23, 19, 22, 18, 14, 11, 9, 4, 2, 5, 3, 1]
 17.5548 ; 25 => [22, 17, 12, 18, 16, 14, 7, 10, 8, 6, 23, 25, 20, 24, 21, 19, 15, 13, 11, 9, 4, 2, 5, 3, 1]
Overall: 617.024072


Benchmark: demo/queens (28.12.2010 19:25 Uhr)
 0.0000 ; 1 => [1]
 0.0002
 0.0002
 0.0002 ; 4 => [3, 1, 4, 2]
 0.0001 ; 5 => [4, 2, 5, 3, 1]
 0.0011 ; 6 => [5, 3, 1, 6, 4, 2]
 0.0038 ; 7 => [6, 4, 2, 7, 5, 3, 1]
 0.0039 ; 8 => [4, 2, 7, 3, 6, 8, 5, 1]
 0.0015 ; 9 => [5, 7, 9, 4, 2, 8, 6, 3, 1]
 0.0045 ; 10 => [7, 4, 2, 9, 5, 10, 8, 6, 3, 1]
 0.0026 ; 11 => [10, 8, 6, 4, 2, 11, 9, 7, 5, 3, 1]
 0.0178 ; 12 => [4, 9, 7, 2, 11, 6, 12, 10, 8, 5, 3, 1]
 0.0091 ; 13 => [7, 11, 8, 6, 4, 13, 10, 12, 9, 2, 5, 3, 1]
 0.1591 ; 14 => [11, 8, 6, 2, 9, 14, 4, 13, 10, 12, 7, 5, 3, 1]
 0.1266 ; 15 => [8, 11, 7, 15, 6, 9, 13, 4, 14, 12, 10, 2, 5, 3, 1]
 0.9740 ; 16 => [10, 8, 11, 4, 7, 16, 6, 15, 12, 14, 9, 13, 2, 5, 3, 1]
 0.5821 ; 17 => [13, 10, 12, 9, 6, 4, 17, 14, 16, 7, 15, 11, 8, 2, 5, 3, 1]
 4.9543 ; 18 => [10, 14, 9, 11, 4, 7, 18, 6, 17, 13, 16, 12, 15, 8, 2, 5, 3, 1]
 0.3698 ; 19 => [14, 12, 10, 8, 6, 11, 18, 16, 7, 19, 17, 15, 13, 9, 4, 2, 5, 3, 1]
28.3477 ; 20 => [11, 6, 14, 7, 10, 8, 19, 16, 9, 17, 20, 18, 12, 15, 13, 4, 2, 5, 3, 1]
 1.4271 ; 21 => [13, 16, 14, 6, 8, 10, 12, 7, 19, 17, 20, 18, 21, 15, 11, 9, 4, 2, 5, 3, 1]


Benchmark: demo/queens (31.12.2010 12:11 Uhr)
  0.0000 ; 1 => [1]
  0.0001
  0.0001
  0.0002 ; 4 => [3, 1, 4, 2]
  0.0001 ; 5 => [4, 2, 5, 3, 1]
  0.0008 ; 6 => [5, 3, 1, 6, 4, 2]
  0.0003 ; 7 => [6, 4, 2, 7, 5, 3, 1]
  0.0041 ; 8 => [4, 2, 7, 3, 6, 8, 5, 1]
  0.0017 ; 9 => [5, 7, 9, 4, 2, 8, 6, 3, 1]
  0.0044 ; 10 => [7, 4, 2, 9, 5, 10, 8, 6, 3, 1]
  0.0021 ; 11 => [10, 8, 6, 4, 2, 11, 9, 7, 5, 3, 1]
  0.0154 ; 12 => [4, 9, 7, 2, 11, 6, 12, 10, 8, 5, 3, 1]
  0.0058 ; 13 => [7, 11, 8, 6, 4, 13, 10, 12, 9, 2, 5, 3, 1]
  0.1300 ; 14 => [11, 8, 6, 2, 9, 14, 4, 13, 10, 12, 7, 5, 3, 1]
  0.0990 ; 15 => [8, 11, 7, 15, 6, 9, 13, 4, 14, 12, 10, 2, 5, 3, 1]
  0.7583 ; 16 => [10, 8, 11, 4, 7, 16, 6, 15, 12, 14, 9, 13, 2, 5, 3, 1]
  0.4627 ; 17 => [13, 10, 12, 9, 6, 4, 17, 14, 16, 7, 15, 11, 8, 2, 5, 3, 1]
  3.7756 ; 18 => [10, 14, 9, 11, 4, 7, 18, 6, 17, 13, 16, 12, 15, 8, 2, 5, 3, 1]
  0.2838 ; 19 => [14, 12, 10, 8, 6, 11, 18, 16, 7, 19, 17, 15, 13, 9, 4, 2, 5, 3, 1]
 21.7581 ; 20 => [11, 6, 14, 7, 10, 8, 19, 16, 9, 17, 20, 18, 12, 15, 13, 4, 2, 5, 3, 1]
  1.1275 ; 21 => [13, 16, 14, 6, 8, 10, 12, 7, 19, 17, 20, 18, 21, 15, 11, 9, 4, 2, 5, 3, 1]
224.7510 ; 22 => [15, 11, 7, 16, 6, 9, 12, 21, 8, 18, 22, 19, 13, 20, 17, 14, 10, 4, 2, 5, 3, 1]
  3.9657 ; 23 => [14, 17, 15, 12, 16, 7, 23, 6, 8, 10, 21, 19, 22, 20, 18, 13, 11, 9, 4, 2, 5, 3, 1]
 66.5893 ; 24 => [15, 17, 7, 13, 16, 12, 8, 6, 21, 10, 24, 20, 23, 19, 22, 18, 14, 11, 9, 4, 2, 5, 3, 1]
  9.2445 ; 25 => [22, 17, 12, 18, 16, 14, 7, 10, 8, 6, 23, 25, 20, 24, 21, 19, 15, 13, 11, 9, 4, 2, 5, 3, 1]